0,278
273,2
273,0
291,6
291,5
291,4
291,3
291,2
0,9
291,1
291,0
290,35
273,5
281,4
265,1
265,3
3,2
3,1
3,3
10,178
10,256
10,170
10,172
10,180
10,208
9,4
9,6
8,15
8,9
8,12
8,18
8,5
8,8
8,3
0,537
281,3
281,1
278,3
278,1
277,3
277,1
275,3
275,1
274,3
274,1
273,4
273,3
273,1
271,3
271,1
270,3
270,1
269,3
269,1
268,4
268,3
268,2
268,1
259,3
259,1
242,3
242,2
242,1
239,3
239,1
238,4
238,3
238,1
236,3
236,1
235,3
235,1
234,4
234,3
234,1
232,3
232,2
232,1
231,3
231,1
230,3
230,1
229,3
229,1
226,4
226,3
226,2
226,1
220,3
220,1
14,5
14,4
12,3
12,2
12,1
11,29
11,28
11,27
20,2
20,1
11,26
20,3
11,25
11,24
11,23
11,22
11,21
11,20
11,19
11,18
11,17
11,16
11,15
19,2
11,14
19,1
11,13
19,3
11,12
11,11
11,10
11,9
11,8
11,7
11,6
11,5
11,4
